540.0752264040101;-125.19137460581884 287.32519016410953;-7.826636491625495 573.0695577206247;211.93152283323187 594.9447246149034;74.61392733496939 594.9447246149034;74.61392733496939 594.9447246149034;74.61392733496939 594.9447246149034;74.61392733496939 594.9447246149034;74.61392733496939 499.1821226663412;-50.098357335900204 153.3237710859;1.6995235539142508 
573.0695577206247;211.93152283323187 573.1550075913055;214.01846678984631 594.9660870825736;73.82584194507336 573.0268327852843;210.88352029278695 573.0695577206247;211.93152283323187 594.9447246149034;74.61392733496939 594.9447246149034;74.61392733496939 594.950065231821;74.4169696513468 682.4453921920181;-703.5351139520449 605.8823080620427;-334.62281039986084 
573.0695577206247;211.93152283323187 660.5702252977394;-61.71632882251819 595.0301744855842;71.45753638475084 660.6556751684202;-68.06738633857603 573.0695577206247;211.93152283323187 594.9233621472332;75.40133225195237 398.0682225663953;46.01809919131676 660.5702252977394;-61.71632882251819 594.9447246149034;74.61392733496939 594.950065231821;74.4169696513468 
571.7023597897323;177.021751141701 573.0695577206247;211.93152283323187 573.090920188295;212.45439556069852 573.0695577206247;211.93152283323187 573.090920188295;212.45439556069852 573.0695577206247;211.93152283323187 570.3137993911697;139.16522954347116 594.901999679563;76.18805335817011 594.9660870825736;73.82584194507336 594.950065231821;74.4169696513468 
527.952026001175;112.74100345118748 660.5702252977394;-61.71632882251819 573.090920188295;212.45439556069852 594.9660870825736;73.82584194507336 573.090920188295;212.45439556069852 398.0682225663953;46.01809919131676 573.0695577206247;211.93152283323187 573.0748983375423;212.06231174125625 682.4667546596883;-702.4168875582957 594.901999679563;76.18805335817011 
578.5597119118646;314.3394881518263 527.952026001175;112.74100345118748 573.0962608052125;212.58499572333673 398.0895850340655;45.96929742966696 573.090920188295;212.45439556069852 594.9660870825736;73.82584194507336 573.0695577206247;211.93152283323187 572.9039985961807;207.853927399102 573.0962608052125;212.58499572333673 573.0748983375423;212.06231174125625 
573.7745191537412;228.77235483308118 533.249917983383;16.96844501051605 398.0949256509831;45.957060612267625 573.7745191537412;228.77235483308118 595.3078865652967;61.126672606172214 584.0285036354343;330.16149187657896 573.0748983375423;212.06231174125625 573.267160546574;216.73899780517812 573.0748983375423;212.06231174125625 573.160348208223;214.14849662216412 
573.090920188295;212.45439556069852 398.7785246164293;44.27138802575457 573.090920188295;212.45439556069852 584.7121026008805;325.0369743270918 409.02716848120485;-3.703243228276393 584.0285036354343;330.16149187657896 573.0748983375423;212.06231174125625 529.3245645489849;90.93747646360899 573.160348208223;214.14849662216412 573.0748983375423;212.06231174125625 
223.08824987983613;-2.907471641468622 594.9660870825736;73.82584194507336 584.7975524715613;324.2827579012886 584.7121026008805;325.0369743270918 540.278169846877;-129.13728307762358 583.9857787000939;330.4280764477231 573.0748983375423;212.06231174125625 573.7584973029885;228.3994298008261 595.0355151025017;71.25990533893766 573.0855795713774;212.32374814768295 
594.9660870825736;73.82584194507336 606.67271936584;-357.4465324182484 584.7121026008805;325.0369743270918 584.7121026008805;325.0369743270918 589.4545704236635;246.08645170836104 583.9857787000939;330.4280764477231 573.0748983375423;212.06231174125625 573.7584973029885;228.3994298008261 223.15767789976425;-2.970853550568558 593.5935485347636;122.9399975696211 
584.0285036354343;330.16149187657896 594.9660870825736;73.82584194507336 584.7121026008805;325.0369743270918 573.7745191537412;228.77235483308118 589.4545704236635;246.08645170836104 583.9857787000939;330.4280764477231 573.0695577206247;211.93152283323187 583.9911193170115;330.39509885403356 573.7584973029885;228.3994298008261 573.7584973029885;228.3994298008261 
671.5291712125489;-762.5638223234378 672.2127701779951;-787.6405237556158 585.0539020836036;321.8688166801994 571.0401232919563;159.2212010955162 583.9857787000939;330.4280764477231 589.4545704236635;246.08645170836104 573.0695577206247;211.93152283323187 408.98978416278203;-3.478952243050153 573.7584973029885;228.3994298008261 223.75582699452968;-3.5142331737831523 
584.7121026008805;325.0369743270918 585.0539020836036;321.8688166801994 584.0071411677641;330.295573833194 576.4661900801856;283.84784955130124 239.45190011520475;-10.167630076041526 583.9857787000939;330.4280764477231 573.7317942184008;227.77683843573647 589.4759328913337;245.56813013205203 573.5875975616269;224.3923820590465 571.0241014412037;158.7844204123845 
584.7121026008805;325.0369743270918 585.0539020836036;321.8688166801994 585.0539020836036;321.8688166801994 584.0071411677641;330.295573833194 576.4661900801856;283.84784955130124 401.46485492595616;35.44655517102014 573.7104317507305;227.27782364936235 573.7317942184008;227.77683843573647 573.5875975616269;224.3923820590465 573.5875975616269;224.3923820590465 
584.7121026008805;325.0369743270918 584.7121026008805;325.0369743270918 585.0325396159334;322.0786394787737 585.0539020836036;321.8688166801994 584.0178224015991;330.2287302763661 576.4661900801856;283.84784955130124 576.4661900801856;283.84784955130124 573.7104317507305;227.27782364936235 584.5251810087663;326.59882122606734 573.5875975616269;224.3923820590465 
583.3449046699881;333.6693384046578 581.9777067390957;335.86455496034654 584.3489406504872;327.96072016076033 585.0592427005212;321.8161151039772 584.0178224015991;330.2287302763661 409.01648724736975;-3.6391481723942745 587.4037735273249;289.2932500446917 576.4661900801856;283.84784955130124 409.5238458545369;-6.692864830716521 573.5875975616269;224.3923820590465 
581.9777067390957;335.86455496034654 583.3449046699881;333.6693384046578 573.7745191537412;228.77235483308118 581.6145447887023;335.37979040635076 584.375643735075;327.7612806284098 584.0178224015991;330.2287302763661 587.7776167115533;282.41085317061305 583.9857787000939;330.4280764477231 576.4661900801856;283.84784955130124 398.58626240739756;44.76931116184703 
583.3449046699881;333.6693384046578 581.9777067390957;335.86455496034654 573.753156686071;228.27501638174328 581.6359072563725;335.4205697514055 581.6252260225374;335.4003711413166 584.0071411677641;330.295573833194 587.7776167115533;282.41085317061305 583.8469226602376;331.2508520890808 576.295290338824;280.84464081263036 401.46485492595616;35.44655517102014 
581.9777067390957;335.86455496034654 583.3449046699881;333.6693384046578 573.753156686071;228.27501638174328 572.3859587551785;194.81687842667313 581.6359072563725;335.4205697514055 581.6252260225374;335.4003711413166 589.4759328913337;245.56813013205203 585.0432208497684;321.9739247900036 582.458362261675;335.8206777281671 576.3166528064942;281.2240277370538 
582.3195062218188;335.9139631857194 603.8528736333743;-268.5067404589406 571.0187608242861;158.63876641981045 659.8866263322932;-11.172769904191549 584.0071411677641;330.295573833194 674.6053665570569;-847.7165053606445 590.501331339503;219.13180542136146 573.0802389544598;212.19305352697276 571.5207788145357;172.19225712076985 587.5960357363566;285.8105595714175 
582.3195062218188;335.9139631857194 582.3195062218188;335.9139631857194 581.9563442714255;335.8483346721534 573.0695577206247;211.93152283323187 678.0019989166177;-851.4141963247943 605.8823080620427;-334.62281039986084 589.3050331499721;249.67665046940502 578.0149689862747;307.5761217774884 587.5960357363566;285.8105595714175 587.5960357363566;285.8105595714175 
582.3195062218188;335.9139631857194 582.3195062218188;335.9139631857194 587.7882979453884;282.2075437600817 587.4251359949951;288.9122528366461 573.0695577206247;211.93152283323187 594.9447246149034;74.61392733496939 578.0149689862747;307.5761217774884 578.0149689862747;307.5761217774884 587.5960357363566;285.8105595714175 609.4712026306353;-421.8300870660299 
582.3195062218188;335.9139631857194 669.8201737989334;-686.1183222213746 586.421100014496;305.1854107559831 587.793638562306;282.10575079832853 226.48488223939697;-5.883853031744566 589.4759328913337;245.56813013205203 578.1004188569555;308.6935912716394 578.0203096031922;307.646572913517 579.3821669171671;322.8880385348953 586.2288378054642;307.9164103722665 
582.1486064804571;335.93876452090035 542.6707662259387;-172.3331200138533 587.793638562306;282.10575079832853 587.793638562306;282.10575079832853 578.1004188569555;308.6935912716394 578.1004188569555;308.6935912716394 578.0203096031922;307.646572913517 579.3821669171671;322.8880385348953 586.2288378054642;307.9164103722665 576.6477710553822;286.95810003808936 
587.7882979453884;282.2075437600817 582.1539470973747;335.9394899769915 586.4264406314136;305.1077673283652 587.793638562306;282.10575079832853 578.0149689862747;307.5761217774884 534.3554256853156;-5.956157159036605 575.2859137414074;261.6682241470838 579.040367434444;319.5831427706682 575.2485294229845;260.9126227205526 587.628079437862;285.2183895814117 
585.0539020836036;321.8688166801994 587.6227388209444;285.31731652703894 586.421100014496;305.1854107559831 587.793638562306;282.10575079832853 401.85471996093725;33.891839098086635 238.9498821249552;-10.308649329542025 579.040367434444;319.5831427706682 579.040367434444;319.5831427706682 575.3126168259951;262.2060239891483 587.5639920348514;286.39938708237634 
582.2767812864784;335.9294644099435 240.35446437427044;-9.845209742674077 586.421100014496;305.1854107559831 586.421100014496;305.1854107559831 237.79096825384715;-10.529117774002536 579.3821669171671;322.8880385348953 579.0457080513615;319.6375154272805 579.040367434444;319.5831427706682 575.2592106568196;261.1288274548695 587.6173982040268;285.4161507184716 
411.3770399249262;-17.90357907513521 582.3195062218188;335.9139631857194 590.3090691304712;224.31636466531896 662.9948653783065;-242.6052487580251 579.040367434444;319.5831427706682 535.6371737455272;-33.06542819791086 579.0457080513615;319.6375154272805 579.040367434444;319.5831427706682 586.196794103959;308.3594170785097 576.6851553738051;287.5880103263602 
580.9523082909263;333.3621473622308 582.3195062218188;335.9139631857194 588.9418711995788;258.11548486079533 579.040367434444;319.5831427706682 579.0350268175264;319.5286838627061 573.5715757108743;224.01401331073447 575.2805731244898;261.56047240522247 239.9539181054543;-9.99918204312027 576.6798147568875;287.49824265950826 673.7028022979912;-830.3271038781517 
585.0539020836036;321.8688166801994 580.9523082909263;333.3621473622308 544.0379641568311;-193.57461930849254 583.55852934669;332.7466184498611 600.9155343287226;-159.03225228488296 576.3006309557416;280.9395937682115 579.3768263002495;322.8391489352865 573.5715757108743;224.01401331073447 576.6477710553822;286.95810003808936 575.2698918906547;261.3447774508546 
585.0539020836036;321.8688166801994 585.0539020836036;321.8688166801994 583.003105187265;334.81843989159154 580.482334002182;331.0549210164106 576.3006309557416;280.9395937682115 598.1757978500202;-50.299652257930255 573.6516849646375;225.90123973046124 579.3821669171671;322.8880385348953 576.6477710553822;286.95810003808936 597.1450587849333;-9.505083192804499 
584.3703031181574;327.8013659516433 235.05123177514477;-10.47401150307597 583.003105187265;334.81843989159154 583.0084458041825;334.8035772095218 587.6173982040268;285.4161507184716 572.0281374217028;185.58128866229882 576.3006309557416;280.9395937682115 579.3608044494969;322.6919535810292 575.964172089936;274.82076384457065 579.3821669171671;322.8880385348953 
584.3703031181574;327.8013659516433 584.3703031181574;327.8013659516433 539.2581120156251;-108.95816085545734 583.0084458041825;334.8035772095218 576.6370898215471;286.77746792841884 587.6227388209444;285.31731652703894 576.2899497219065;280.74961709890994 404.37015052910255;22.40495536220907 579.3821669171671;322.8880385348953 576.6477710553822;286.95810003808936 
584.3703031181574;327.8013659516433 584.3809843519924;327.72109659876253 583.003105187265;334.81843989159154 584.375643735075;327.7612806284098 575.9962157914413;275.41537387731057 587.5586514179338;286.49719975880873 576.2899497219065;280.74961709890994 576.2899497219065;280.74961709890994 579.3821669171671;322.8880385348953 576.6477710553822;286.95810003808936 
584.3703031181574;327.8013659516433 584.3703031181574;327.8013659516433 580.2687093254801;329.7695929037899 583.003105187265;334.81843989159154 586.9337992385806;297.294834065465 226.6183976623357;-5.993101340409833 532.5396159333491;31.34046652815762 576.2899497219065;280.74961709890994 575.964172089936;274.82076384457065 579.4248918525075;323.27599262496744 
584.3703031181574;327.8013659516433 584.0285036354343;330.16149187657896 584.1994033767958;329.0319746201404 580.2687093254801;329.7695929037899 583.003105187265;334.81843989159154 586.9337992385806;297.294834065465 576.2899497219065;280.74961709890994 575.964172089936;274.82076384457065 578.7039085686384;315.98483411725596 576.6904959907226;287.67770473093594 
